Mikrotik;CRS326-24G-2S+RM;10000 1000;26;0;440 144 44;14699;
Mikrotik;CRS328-24P-4S+RM;100 1000;24;1;443 305 44;30099;
TP-Link;TL-SG1016D;100 1000;16;0;294 180 44;3899;
Mikrotik;CSS326-24G-2S+RM;10000 1000;26;0;440 144 44;10399;
TP-LINK;TL-SF1008D;100 0;8;0;79 134 22;599;
Edimax;ES-1008PH V2;100 1000;8;1;215 133 42;4750;
EDIMAX;ES-5800G v3;100 1000;8;0;136 76 26;1999;
TP-Link;TL-SG1024D;100 1000;24;0;294 180 44;5199;
TP-LINK;TL-SF1024D;100 0;24;0;294 180 44;2599;
ASUS;GX-U1051;100 1000;5;0;121 75 26;1950;
D-Link;DGS-1008D;100 1000;8;0;162 102 28;1299;
D-Link;DGS-1024C/B1A;1000 100;0;24;282 178 44;5150;
HPE;OfficeConnect 1405 JH407A;100 1000;5;0;114 91 36;2399;
D-LINK;DGS-1026MP;100 1000;26;1;440 250 44;24199;
HPE;1820-48G;100 1000;52;0;442 246 44;21999;
Mercusys;MS105G;1000 100;5;0;70 105 25;699;
TP-Link;LS1005G;100 1000;5;0;90 72 23;799;
ORIENT;SWP-7508POE/2P PS+ 1GB;100 1000;10;1;270 181 44;7450;
D-Link;DGS-1005D;100 1000;5;0;100 98 28;1199;
TP-LINK;TL-SG1008P;100 1000;8;1;171 98 27;3899;